% Kuka-Quantec
% Dimensions: mm

% Screw axis in space form
DOF = 6;
S = zeros(6, 6);
S(:,1) = [0 0 1 0 0 0]';
S(:,2) = [1 0 0 0 0 -250]';
S(:,3) = [1 0 0 0 770 -250]';
S(:,4) = [0 1 0 -770 0 0]';
S(:,5) = [1 0 0 0 770 -1030]';
S(:,6) = [0 1 0 -770 0 0]';


M = [eye(3) [0; 1245; 770]; zeros(1, 3), 1];

